
Table of reads identified by primer

       PatID      PrimerID Treads Shorts FW.match RV.match Fn.reads
1  131683812 HBV.1234.1631  26068      0    15970    18814    34784
2  131738749 HBV.1234.1631  19231      0    12513    13632    26145
3  131901367 HBV.1234.1631  26191      0    15769    18970    34739
4  131912616 HBV.1234.1631   8725      0     5946     6162    12108
5  131912624 HBV.1234.1631  21603      0    14420    15263    29683
6  131916374 HBV.1234.1631  13694      0     8666     9705    18371
7  131924997 HBV.1234.1631  17978      0    10247    13631    23878
8  131929413 HBV.1234.1631   9350      0     5203     6841    12044
9  131949113 HBV.1234.1631  27743      0    17367    20065    37432
10 131956471 HBV.1234.1631   5735      0     3108     4152     7260
11 131616614 HBV.1234.1631   2826      0     1522     1991     3513
12 131605576 HBV.1234.1631  17263      0    11350    12340    23690
13 131683812 HBV.2822.3296  10889      0    11273     9478    20751
14 131738749 HBV.2822.3296   8045      0     5918     5468    11386
15 131901367 HBV.2822.3296  77295      0    55478    54479   109957
16 131912616 HBV.2822.3296  15202      0    10989    10325    21314
17 131912624 HBV.2822.3296  15439      0     9803    10897    20700
18 131916374 HBV.2822.3296  15228      0    10886    10691    21577
19 131924997 HBV.2822.3296  20313      0    15265    14771    30036
20 131929413 HBV.2822.3296  13205      0     8794     9137    17931
21 131949113 HBV.2822.3296  11852      0    11721    10245    21966
22 131956471 HBV.2822.3296   5531      0     6217     4776    10993
23 131616614 HBV.2822.3296  10435      0     9365     9010    18375
24 131605576 HBV.2822.3296  16343      0    11278    11378    22656

      Pat.ID       Ampl.Nm Pr.ID Str  Pos      Len Reads Hpls
1  131683812 HBV.1234.1631     1  fw 1255 356.9917 15970 3294
2  131683812 HBV.1234.1631     1  rv 1255   0.0000 18814 3611
3  131738749 HBV.1234.1631     1  fw 1255 356.8398 12513 2310
4  131738749 HBV.1234.1631     1  rv 1255   0.0000 13632 2519
5  131901367 HBV.1234.1631     1  fw 1255 356.9888 15769 2930
6  131901367 HBV.1234.1631     1  rv 1255   0.0000 18970 3453
7  131912616 HBV.1234.1631     1  fw 1255 356.9768  5946 1451
8  131912616 HBV.1234.1631     1  rv 1255   0.0000  6162 1534
9  131912624 HBV.1234.1631     1  fw 1255 356.8408 14420 1906
10 131912624 HBV.1234.1631     1  rv 1255   0.0000 15263 2064
11 131916374 HBV.1234.1631     1  fw 1255 356.9917  8666 1806
12 131916374 HBV.1234.1631     1  rv 1255   0.0000  9705 1995
13 131924997 HBV.1234.1631     1  fw 1255 356.8233 10247 2363
14 131924997 HBV.1234.1631     1  rv 1255   0.0000 13631 2843
15 131929413 HBV.1234.1631     1  fw 1255 356.9145  5203 1056
16 131929413 HBV.1234.1631     1  rv 1255   0.0000  6841 1239
17 131949113 HBV.1234.1631     1  fw 1255 356.9881 17367 2817
18 131949113 HBV.1234.1631     1  rv 1255   0.0000 20065 3228
19 131956471 HBV.1234.1631     1  fw 1255 356.9936  3108  901
20 131956471 HBV.1234.1631     1  rv 1255   0.0000  4152 1186
21 131616614 HBV.1234.1631     1  fw 1255 356.9928  1522  462
22 131616614 HBV.1234.1631     1  rv 1255   0.0000  1991  521
23 131605576 HBV.1234.1631     1  fw 1255 356.9809 11350 1637
24 131605576 HBV.1234.1631     1  rv 1255   0.0000 12340 1834
25 131683812 HBV.2822.3296     2  fw 2844 410.7792 11273 4048
26 131683812 HBV.2822.3296     2  rv 2844   0.0000  9478 3523
27 131738749 HBV.2822.3296     2  fw 2844 426.0862  5918 1506
28 131738749 HBV.2822.3296     2  rv 2844   0.0000  5468 1295
29 131901367 HBV.2822.3296     2  fw 2844 225.7221 55478 4783
30 131901367 HBV.2822.3296     2  rv 2844   0.0000 54479 4905
31 131912616 HBV.2822.3296     2  fw 2844 425.5700 10989 4350
32 131912616 HBV.2822.3296     2  rv 2844   0.0000 10325 4080
33 131912624 HBV.2822.3296     2  fw 2844 399.5528  9803 3349
34 131912624 HBV.2822.3296     2  rv 2844   0.0000 10897 3589
35 131916374 HBV.2822.3296     2  fw 2844 408.2816 10886 5066
36 131916374 HBV.2822.3296     2  rv 2844   0.0000 10691 5081
37 131924997 HBV.2822.3296     2  fw 2844 408.2939 15265 3386
38 131924997 HBV.2822.3296     2  rv 2844   0.0000 14771 3222
39 131929413 HBV.2822.3296     2  fw 2844 421.1305  8794 2321
40 131929413 HBV.2822.3296     2  rv 2844   0.0000  9137 2229
41 131949113 HBV.2822.3296     2  fw 2844 400.1796 11721 3220
42 131949113 HBV.2822.3296     2  rv 2844   0.0000 10245 2804
43 131956471 HBV.2822.3296     2  fw 2844 428.3854  6217 1964
44 131956471 HBV.2822.3296     2  rv 2844   0.0000  4776 1678
45 131616614 HBV.2822.3296     2  fw 2844 428.0446  9365 3161
46 131616614 HBV.2822.3296     2  rv 2844   0.0000  9010 3010
47 131605576 HBV.2822.3296     2  fw 2844 429.9619 11278 3406
48 131605576 HBV.2822.3296     2  rv 2844   0.0000 11378 3274

Total reads identified by patient

          FW.match RV.match
131605576    22628    23718
131616614    10887    11001
131683812    27243    28292
131738749    18431    19100
131901367    71247    73449
131912616    16935    16487
131912624    24223    26160
131916374    19552    20396
131924997    25512    28402
131929413    13997    15978
131949113    29088    30310
131956471     9325     8928

Yield by pool

             MIDReads PrimerReads      Pct
VHBASS35X      334067      263647 78.92040
VHBASS3PRES1   405959      327642 80.70815
